{
  "advancedEditorSelectedIdentifier" : "ProjectBrowser",
  "openSceneRelativePaths" : [
    "Immersive.usda"
  ],
  "recentIdentifiers" : {
    "1D572CEB-057A-41C3-B575-04C37501A3C0" : [

    ]
  },
  "sceneCameraHistory" : {
    "1D572CEB-057A-41C3-B575-04C37501A3C0" : [
      {
        "date" : 730043117.177963,
        "title" : "Untitled",
        "transform" : [
          0.9999921,
          0,
          0.0039825332,
          0,
          0.002816076,
          0.7071068,
          -0.7071011,
          0,
          -0.0028160766,
          0.70710677,
          0.7071013,
          0,
          0.19389322,
          0.8817527,
          2.3353114,
          1
        ]
      },
      {
        "date" : 730043089.735388,
        "title" : "Untitled",
        "transform" : [
          0.9999921,
          0,
          0.0039825332,
          0,
          0.002816076,
          0.7071068,
          -0.7071011,
          0,
          -0.0028160766,
          0.70710677,
          0.7071013,
          0,
          0.20705378,
          1.5146759,
          1.702436,
          1
        ]
      },
      {
        "date" : 730042179.584961,
        "title" : "Untitled",
        "transform" : [
          0.9999921,
          0,
          0.0039825332,
          0,
          0.0028160762,
          0.7071069,
          -0.70710117,
          0,
          -0.0028160766,
          0.70710677,
          0.7071013,
          0,
          0.074626684,
          1.9214675,
          1.2951145,
          1
        ]
      },
      {
        "date" : 730042138.969191,
        "title" : "Untitled",
        "transform" : [
          1,
          0,
          0,
          0,
          0,
          0.7071069,
          -0.70710677,
          0,
          0,
          0.70710677,
          0.7071069,
          0,
          -0.06594476,
          2.5565789,
          1.7629344,
          1
        ]
      },
      {
        "date" : 730041893.778491,
        "title" : "Untitled",
        "transform" : [
          1,
          0,
          0,
          0,
          0,
          0.7071069,
          -0.70710677,
          0,
          0,
          0.70710677,
          0.7071069,
          0,
          -0.0056135654,
          2.5456898,
          3.1282208,
          1
        ]
      },
      {
        "date" : 730041766.530218,
        "title" : "Untitled",
        "transform" : [
          1,
          0,
          0,
          0,
          0,
          0.7071069,
          -0.70710677,
          0,
          0,
          0.70710677,
          0.7071069,
          0,
          0.98175025,
          2.4478078,
          3.226103,
          1
        ]
      },
      {
        "date" : 730041764.356316,
        "title" : "Untitled",
        "transform" : [
          1,
          0,
          0,
          0,
          0,
          0.7071069,
          -0.70710677,
          0,
          0,
          0.70710677,
          0.7071069,
          0,
          0.8987059,
          1.9388847,
          3.7350256,
          1
        ]
      },
      {
        "date" : 730041246.389736,
        "title" : "Untitled",
        "transform" : [
          1,
          0,
          0,
          0,
          0,
          0.7071069,
          -0.70710677,
          0,
          0,
          0.70710677,
          0.7071069,
          0,
          1.5261596,
          2.3368878,
          3.3370223,
          1
        ]
      },
      {
        "date" : 730036755.043245,
        "title" : "Untitled",
        "transform" : [
          1,
          0,
          0,
          0,
          0,
          0.7071069,
          -0.70710677,
          0,
          0,
          0.70710677,
          0.7071069,
          0,
          4.4122224,
          3.3711367,
          10.548737,
          1
        ]
      },
      {
        "date" : 730034345.344122,
        "title" : "Untitled",
        "transform" : [
          1,
          0,
          0,
          0,
          0,
          0.7071069,
          -0.70710677,
          0,
          0,
          0.70710677,
          0.7071069,
          0,
          0.44230998,
          0.81123257,
          1.2232155,
          1
        ]
      }
    ]
  },
  "selectedSceneRelativePath" : "Immersive.usda"
}