{
  "advancedEditorSelectedIdentifier" : "ProjectBrowser",
  "openSceneRelativePaths" : [
    "Immersive.usda"
  ],
  "recentIdentifiers" : {
    "1D572CEB-057A-41C3-B575-04C37501A3C0" : [

    ]
  },
  "sceneCameraHistory" : {
    "1D572CEB-057A-41C3-B575-04C37501A3C0" : [
      {
        "date" : 729863843.370093,
        "title" : "Untitled",
        "transform" : [
          0.99999684,
          0,
          0.0025024388,
          0,
          0.0017694912,
          0.7071068,
          -0.7071045,
          0,
          -0.0017694917,
          0.70710677,
          0.7071047,
          0,
          0.25981456,
          1.6905077,
          1.5317433,
          1
        ]
      },
      {
        "date" : 729863839.505896,
        "title" : "Untitled",
        "transform" : [
          0.99999684,
          0,
          0.0025024388,
          0,
          0.0017694912,
          0.7071068,
          -0.7071045,
          0,
          -0.0017694917,
          0.70710677,
          0.7071047,
          0,
          0.44124264,
          2.3571293,
          0.8655741,
          1
        ]
      },
      {
        "date" : 729863835.1125,
        "title" : "Untitled",
        "transform" : [
          1,
          0,
          0,
          0,
          0,
          0.7071069,
          -0.70710677,
          0,
          0,
          0.70710677,
          0.7071069,
          0,
          0.11352604,
          0.6112624,
          0.22133043,
          1
        ]
      },
      {
        "date" : 729863833.111308,
        "title" : "Untitled",
        "transform" : [
          1,
          0,
          0,
          0,
          0,
          0.7071069,
          -0.70710677,
          0,
          0,
          0.70710677,
          0.7071069,
          0,
          0,
          0.42033812,
          0.41225466,
          1
        ]
      },
      {
        "date" : 729863828.187686,
        "title" : "Untitled",
        "transform" : [
          1,
          0,
          0,
          0,
          0,
          0.7071069,
          -0.70710677,
          0,
          0,
          0.70710677,
          0.7071069,
          0,
          0.09760771,
          0.44565004,
          1.153137,
          1
        ]
      },
      {
        "date" : 729863826.234874,
        "title" : "Untitled",
        "transform" : [
          1,
          0,
          0,
          0,
          0,
          0.7071069,
          -0.70710677,
          0,
          0,
          0.70710677,
          0.7071069,
          0,
          0.10748706,
          0.44844478,
          1.1503423,
          1
        ]
      },
      {
        "date" : 729863824.153359,
        "title" : "Untitled",
        "transform" : [
          1,
          0,
          0,
          0,
          0,
          0.7071069,
          -0.70710677,
          0,
          0,
          0.70710677,
          0.7071069,
          0,
          0.22011343,
          0.78376657,
          0.81502056,
          1
        ]
      },
      {
        "date" : 729863818.895795,
        "title" : "Untitled",
        "transform" : [
          1,
          0,
          0,
          0,
          0,
          0.7071069,
          -0.70710677,
          0,
          0,
          0.70710677,
          0.7071069,
          0,
          0.10748717,
          0.5630136,
          1.0357735,
          1
        ]
      },
      {
        "date" : 729863812.425002,
        "title" : "Untitled",
        "transform" : [
          1,
          0,
          0,
          0,
          0,
          0.7071069,
          -0.70710677,
          0,
          0,
          0.70710677,
          0.7071069,
          0,
          0.37608644,
          3.1949239,
          5.014942,
          1
        ]
      },
      {
        "date" : 729863790.045797,
        "title" : "Untitled",
        "transform" : [
          1,
          0,
          0,
          0,
          0,
          0.7071069,
          -0.70710677,
          0,
          0,
          0.70710677,
          0.7071069,
          0,
          0.08810815,
          2.4627182,
          5.7471476,
          1
        ]
      }
    ]
  },
  "selectedSceneRelativePath" : "Immersive.usda"
}