{
  "advancedEditorSelectedIdentifier" : "ProjectBrowser",
  "openSceneRelativePaths" : [
    "Immersive.usda"
  ],
  "recentIdentifiers" : {
    "1D572CEB-057A-41C3-B575-04C37501A3C0" : [

    ]
  },
  "sceneCameraHistory" : {
    "1D572CEB-057A-41C3-B575-04C37501A3C0" : [
      {
        "date" : 730048360.394473,
        "title" : "Untitled",
        "transform" : [
          0.9996495,
          -2.244727e-11,
          0.026474794,
          0,
          0.008850865,
          0.9424621,
          -0.33419582,
          0,
          -0.02495149,
          0.33431298,
          0.9421318,
          0,
          -0.08779669,
          1.397647,
          4.3465834,
          1
        ]
      },
      {
        "date" : 730048357.35054,
        "title" : "Untitled",
        "transform" : [
          0.9996495,
          -2.244727e-11,
          0.026474794,
          0,
          0.008850865,
          0.9424621,
          -0.33419582,
          0,
          -0.02495149,
          0.33431298,
          0.9421318,
          0,
          -0.113568306,
          1.3895622,
          4.34877,
          1
        ]
      },
      {
        "date" : 730048356.037824,
        "title" : "Untitled",
        "transform" : [
          0.9996495,
          -2.244727e-11,
          0.026474794,
          0,
          0.008850865,
          0.9424621,
          -0.33419582,
          0,
          -0.02495149,
          0.33431298,
          0.9421318,
          0,
          -0.11403322,
          1.3411177,
          4.3659487,
          1
        ]
      },
      {
        "date" : 730048191.603202,
        "title" : "Untitled",
        "transform" : [
          0.9996495,
          -2.244727e-11,
          0.026474794,
          0,
          0.008850865,
          0.9424621,
          -0.33419582,
          0,
          -0.02495149,
          0.33431298,
          0.9421318,
          0,
          0.3014226,
          0.23398817,
          4.7698135,
          1
        ]
      },
      {
        "date" : 730048183.909778,
        "title" : "Untitled",
        "transform" : [
          0.9996495,
          -2.244727e-11,
          0.026474794,
          0,
          0.008850865,
          0.9424621,
          -0.33419582,
          0,
          -0.02495149,
          0.33431298,
          0.9421318,
          0,
          -0.84472275,
          1.3405218,
          4.346808,
          1
        ]
      },
      {
        "date" : 730048181.744015,
        "title" : "Untitled",
        "transform" : [
          0.9996495,
          -2.244727e-11,
          0.026474794,
          0,
          0.008850865,
          0.9424621,
          -0.33419582,
          0,
          -0.02495149,
          0.33431298,
          0.9421318,
          0,
          -0.27068242,
          0.44259503,
          4.680638,
          1
        ]
      },
      {
        "date" : 730048178.270061,
        "title" : "Untitled",
        "transform" : [
          0.9996494,
          -2.2447266e-11,
          0.02647479,
          0,
          0.008850865,
          0.9424621,
          -0.33419582,
          0,
          -0.02495149,
          0.33431298,
          0.9421318,
          0,
          -0.32146487,
          0.06411269,
          4.8135967,
          1
        ]
      },
      {
        "date" : 730047854.662125,
        "title" : "Untitled",
        "transform" : [
          0.9999921,
          0,
          0.0039825332,
          0,
          0.002816076,
          0.7071068,
          -0.7071011,
          0,
          -0.0028160766,
          0.70710677,
          0.7071013,
          0,
          -0.25350636,
          1.310468,
          4.4247956,
          1
        ]
      },
      {
        "date" : 730044800.855665,
        "title" : "Untitled",
        "transform" : [
          0.9999921,
          0,
          0.0039825332,
          0,
          0.002816076,
          0.7071068,
          -0.7071011,
          0,
          -0.0028160766,
          0.70710677,
          0.7071013,
          0,
          0.24863905,
          2.530846,
          3.2064075,
          1
        ]
      },
      {
        "date" : 730043117.177963,
        "title" : "Untitled",
        "transform" : [
          0.9999921,
          0,
          0.0039825332,
          0,
          0.002816076,
          0.7071068,
          -0.7071011,
          0,
          -0.0028160766,
          0.70710677,
          0.7071013,
          0,
          0.19389322,
          0.8817527,
          2.3353114,
          1
        ]
      }
    ]
  },
  "selectedSceneRelativePath" : "Immersive.usda"
}