{
  "advancedEditorSelectedIdentifier" : "ProjectBrowser",
  "openSceneRelativePaths" : [
    "Immersive.usda",
    "Launch.usda"
  ],
  "recentIdentifiers" : {
    "1D572CEB-057A-41C3-B575-04C37501A3C0" : [

    ],
    "E161656A-1241-4A66-825D-813B84E1F435" : [

    ]
  },
  "sceneCameraHistory" : {
    "1D572CEB-057A-41C3-B575-04C37501A3C0" : [
      {
        "date" : 730116394.019992,
        "title" : "Untitled",
        "transform" : [
          0.9996495,
          -2.244727e-11,
          0.026474794,
          0,
          0.008850865,
          0.9424621,
          -0.33419582,
          0,
          -0.02495149,
          0.33431298,
          0.9421318,
          0,
          0.9157871,
          1.595421,
          4.3029823,
          1
        ]
      },
      {
        "date" : 730056431.594604,
        "title" : "Untitled",
        "transform" : [
          0.9996495,
          -2.244727e-11,
          0.026474794,
          0,
          0.008850865,
          0.9424621,
          -0.33419582,
          0,
          -0.02495149,
          0.33431298,
          0.9421318,
          0,
          0.1074757,
          0.79594195,
          4.5652685,
          1
        ]
      },
      {
        "date" : 730048360.394473,
        "title" : "Untitled",
        "transform" : [
          0.9996495,
          -2.244727e-11,
          0.026474794,
          0,
          0.008850865,
          0.9424621,
          -0.33419582,
          0,
          -0.02495149,
          0.33431298,
          0.9421318,
          0,
          -0.08779669,
          1.397647,
          4.3465834,
          1
        ]
      },
      {
        "date" : 730048357.35054,
        "title" : "Untitled",
        "transform" : [
          0.9996495,
          -2.244727e-11,
          0.026474794,
          0,
          0.008850865,
          0.9424621,
          -0.33419582,
          0,
          -0.02495149,
          0.33431298,
          0.9421318,
          0,
          -0.113568306,
          1.3895622,
          4.34877,
          1
        ]
      },
      {
        "date" : 730048356.037824,
        "title" : "Untitled",
        "transform" : [
          0.9996495,
          -2.244727e-11,
          0.026474794,
          0,
          0.008850865,
          0.9424621,
          -0.33419582,
          0,
          -0.02495149,
          0.33431298,
          0.9421318,
          0,
          -0.11403322,
          1.3411177,
          4.3659487,
          1
        ]
      },
      {
        "date" : 730048191.603202,
        "title" : "Untitled",
        "transform" : [
          0.9996495,
          -2.244727e-11,
          0.026474794,
          0,
          0.008850865,
          0.9424621,
          -0.33419582,
          0,
          -0.02495149,
          0.33431298,
          0.9421318,
          0,
          0.3014226,
          0.23398817,
          4.7698135,
          1
        ]
      },
      {
        "date" : 730048183.909778,
        "title" : "Untitled",
        "transform" : [
          0.9996495,
          -2.244727e-11,
          0.026474794,
          0,
          0.008850865,
          0.9424621,
          -0.33419582,
          0,
          -0.02495149,
          0.33431298,
          0.9421318,
          0,
          -0.84472275,
          1.3405218,
          4.346808,
          1
        ]
      },
      {
        "date" : 730048181.744015,
        "title" : "Untitled",
        "transform" : [
          0.9996495,
          -2.244727e-11,
          0.026474794,
          0,
          0.008850865,
          0.9424621,
          -0.33419582,
          0,
          -0.02495149,
          0.33431298,
          0.9421318,
          0,
          -0.27068242,
          0.44259503,
          4.680638,
          1
        ]
      },
      {
        "date" : 730048178.270061,
        "title" : "Untitled",
        "transform" : [
          0.9996494,
          -2.2447266e-11,
          0.02647479,
          0,
          0.008850865,
          0.9424621,
          -0.33419582,
          0,
          -0.02495149,
          0.33431298,
          0.9421318,
          0,
          -0.32146487,
          0.06411269,
          4.8135967,
          1
        ]
      },
      {
        "date" : 730047854.662125,
        "title" : "Untitled",
        "transform" : [
          0.9999921,
          0,
          0.0039825332,
          0,
          0.002816076,
          0.7071068,
          -0.7071011,
          0,
          -0.0028160766,
          0.70710677,
          0.7071013,
          0,
          -0.25350636,
          1.310468,
          4.4247956,
          1
        ]
      }
    ],
    "E161656A-1241-4A66-825D-813B84E1F435" : [
      {
        "date" : 730114195.445511,
        "title" : "Untitled",
        "transform" : [
          0.9994629,
          0,
          -0.032770008,
          0,
          -0.016385002,
          0.8660254,
          -0.49973136,
          0,
          0.028379668,
          0.49999988,
          0.8655603,
          0,
          -0.11407575,
          0.62668556,
          0.330993,
          1
        ]
      },
      {
        "date" : 730114187.56166,
        "title" : "Untitled",
        "transform" : [
          0.9994629,
          0,
          -0.032770008,
          0,
          -0.016385002,
          0.8660254,
          -0.49973136,
          0,
          0.028379668,
          0.49999988,
          0.8655603,
          0,
          -0.19250359,
          0.40458503,
          0.46186298,
          1
        ]
      },
      {
        "date" : 730100935.772569,
        "title" : "Untitled",
        "transform" : [
          0.9994629,
          0,
          -0.032770008,
          0,
          -0.016385002,
          0.8660254,
          -0.49973136,
          0,
          0.028379668,
          0.49999988,
          0.8655603,
          0,
          0.007325867,
          0.28175327,
          0.5262661,
          1
        ]
      },
      {
        "date" : 730100929.198579,
        "title" : "Untitled",
        "transform" : [
          0.99999994,
          0,
          0,
          0,
          0,
          0.8660254,
          -0.49999988,
          0,
          0,
          0.49999988,
          0.8660254,
          0,
          -0.008666284,
          1.4969363,
          2.631287,
          1
        ]
      },
      {
        "date" : 730062446.275404,
        "title" : "Untitled",
        "transform" : [
          0.99999994,
          0,
          0,
          0,
          0,
          0.8660254,
          -0.49999988,
          0,
          0,
          0.49999988,
          0.8660254,
          0,
          -0.008666284,
          0.19222666,
          0.37146312,
          1
        ]
      },
      {
        "date" : 730062437.500962,
        "title" : "Untitled",
        "transform" : [
          0.99999994,
          0,
          0,
          0,
          0,
          0.8660254,
          -0.49999988,
          0,
          0,
          0.49999988,
          0.8660254,
          0,
          0.030813664,
          0.17304641,
          0.38253674,
          1
        ]
      },
      {
        "date" : 730060107.939362,
        "title" : "Untitled",
        "transform" : [
          0.99999994,
          0,
          -0,
          0,
          -0,
          0.8660254,
          -0.49999988,
          0,
          0,
          0.49999988,
          0.8660254,
          0,
          0,
          0.20890486,
          0.36183384,
          1
        ]
      }
    ]
  },
  "selectedSceneRelativePath" : "Immersive.usda"
}